MX000017004201001TMAX-9999   -9999   -9999   -9999   -9999   -9999   -9999   -9999   -9999   -9999   -9999   -9999   -9999   -9999   -9999   -9999   -9999   -9999   -9999   -9999   -9999   -9999   -9999   -9999   -9999   -9999   -9999   -9999   -9999     278  S-9999   
MX000017004201001TMIN-9999   -9999   -9999   -9999   -9999   -9999   -9999   -9999   -9999   -9999   -9999   -9999   -9999   -9999   -9999   -9999   -9999   -9999   -9999   -9999   -9999   -9999   -9999   -9999   -9999   -9999   -9999   -9999   -9999     145  S-9999   
MX000017004201001PRCP-9999   -9999   -9999   -9999       0  S-9999       0  S-9999   -9999   -9999   -9999       0  S-9999       0  S    0  S-9999   -9999       0  S    0  S    0  S    0  S    0  S    0  S-9999       0  S    0  S    0  S    0  S    0  S    0  S-9999   
MX000017004201002TMAX-9999     273  S  241  S-9999   -9999   -9999   -9999   -9999   -9999   -9999     297  S-9999   -9999   -9999   -9999   -9999   -9999   -9999   -9999   -9999   -9999   -9999     299  S-9999   -9999   -9999   -9999   -9999   -9999   -9999   -9999   
MX000017004201002TMIN-9999     144  S  144  S-9999   -9999   -9999   -9999   -9999   -9999   -9999     134  S-9999   -9999   -9999   -9999   -9999   -9999   -9999   -9999   -9999   -9999   -9999     107  S-9999   -9999   -9999   -9999   -9999   -9999   -9999   -9999   
MX000017004201002PRCP-9999       0  S    0  S-9999   -9999       0  S    0  S-9999       0  S-9999       0  S-9999       0  S-9999   -9999   -9999   -9999   -9999   -9999       0  S-9999   -9999       0  S-9999       0  S-9999   -9999   -9999   -9999   -9999   -9999   
MX000017004201003TMAX-9999   -9999   -9999   -9999     321  S-9999   -9999   -9999   -9999     345  S-9999   -9999   -9999   -9999   -9999     311  S-9999   -9999   -9999   -9999   -9999   -9999   -9999   -9999   -9999   -9999   -9999   -9999   -9999   -9999   -9999   
MX000017004201003TMIN-9999   -9999   -9999   -9999     142  S-9999   -9999   -9999   -9999     168  S-9999   -9999   -9999   -9999   -9999     176  S-9999   -9999   -9999   -9999   -9999   -9999   -9999   -9999   -9999   -9999   -9999   -9999   -9999   -9999   -9999   
MX000017004201003PRCP-9999       0  S-9999       0  S    0  S    0  S-9999   -9999       0  S    0  S    0  S    0  S    0  S-9999   -9999       0  S    0  S-9999       0  S    0  S-9999   -9999       0  S-9999   -9999       0  S    0  S-9999   -9999       0  S-9999   
MX000017004201004TMAX-9999   -9999   -9999   -9999   -9999   -9999   -9999   -9999   -9999   -9999   -9999   -9999   -9999   -9999   -9999   -9999   -9999   -9999   -9999   -9999   -9999   -9999   -9999   -9999   -9999   -9999     363  S-9999   -9999   -9999   -9999   
MX000017004201004TMIN-9999   -9999   -9999   -9999   -9999   -9999   -9999   -9999   -9999   -9999   -9999   -9999   -9999   -9999   -9999   -9999   -9999   -9999   -9999   -9999   -9999   -9999   -9999   -9999   -9999   -9999     167  S-9999   -9999   -9999   -9999   
MX000017004201004PRCP    0  S-9999       0  S-9999   -9999       0  S-9999   -9999   -9999   -9999   -9999   -9999   -9999   -9999   -9999   -9999   -9999   -9999   -9999   -9999   -9999   -9999   -9999   -9999   -9999   -9999       0  S-9999   -9999       0  S-9999   
MX000017004201005TMAX-9999   -9999   -9999   -9999   -9999   -9999   -9999   -9999   -9999   -9999   -9999   -9999   -9999   -9999   -9999   -9999   -9999   -9999   -9999   -9999   -9999   -9999   -9999   -9999   -9999   -9999     332  S-9999   -9999   -9999   -9999   
MX000017004201005TMIN-9999   -9999   -9999   -9999   -9999   -9999   -9999   -9999   -9999   -9999   -9999   -9999   -9999   -9999   -9999   -9999   -9999   -9999   -9999   -9999   -9999   -9999   -9999   -9999   -9999   -9999     182  S-9999   -9999   -9999   -9999   
MX000017004201005PRCP-9999   -9999   -9999       0  S-9999       0  S-9999       0  S-9999   -9999       0  S-9999       0  S-9999   -9999   -9999   -9999       0  S-9999       0  S-9999   -9999   -9999   -9999   -9999   -9999       0  S-9999      25  S    0  S-9999
